/* Inequalities for differential characteristics of S-box in outer-MILP */
a=Polyhedron(vertices=[[0, 0, 0, 0, 0, 0, 0, 0], [0, 0, 0, 1, 0, 1, 0, 1], [0, 0, 0, 1, 0, 1, 1, 1], [0, 0, 0, 1, 1, 0, 0, 1], [0, 0, 0, 1, 1, 0, 1, 0], [0, 0, 0, 1, 1, 0, 1, 1], [0, 0, 0, 1, 1, 1, 0, 1], [0, 0, 0, 1, 1, 1, 1, 0], [0, 0, 1, 0, 0, 1, 0, 1], [0, 0, 1, 0, 0, 1, 1, 1], [0, 0, 1, 0, 1, 0, 1, 0], [0, 0, 1, 0, 1, 0, 1, 1], [0, 0, 1, 0, 1, 1, 0, 0], [0, 0, 1, 0, 1, 1, 0, 1], [0, 0, 1, 0, 1, 1, 1, 0], [0, 0, 1, 1, 0, 0, 0, 1], [0, 0, 1, 1, 0, 0, 1, 1], [0, 0, 1, 1, 0, 1, 0, 0], [0, 0, 1, 1, 0, 1, 1, 0], [0, 0, 1, 1, 1, 0, 0, 1], [0, 0, 1, 1, 1, 0, 1, 1], [0, 0, 1, 1, 1, 1, 0, 0], [0, 0, 1, 1, 1, 1, 1, 0], [0, 1, 0, 0, 0, 0, 1, 1], [0, 1, 0, 0, 0, 1, 0, 1], [0, 1, 0, 0, 0, 1, 1, 0], [0, 1, 0, 0, 1, 0, 1, 1], [0, 1, 0, 0, 1, 1, 0, 1], [0, 1, 0, 0, 1, 1, 1, 0], [0, 1, 0, 1, 0, 0, 1, 0], [0, 1, 0, 1, 0, 0, 1, 1], [0, 1, 0, 1, 0, 1, 0, 0], [0, 1, 0, 1, 0, 1, 1, 1], [0, 1, 0, 1, 1, 0, 0, 0], [0, 1, 0, 1, 1, 1, 0, 0], [0, 1, 0, 1, 1, 1, 1, 0], [0, 1, 1, 0, 0, 0, 0, 1], [0, 1, 1, 0, 0, 0, 1, 0], [0, 1, 1, 0, 0, 1, 1, 0], [0, 1, 1, 0, 0, 1, 1, 1], [0, 1, 1, 0, 1, 0, 0, 0], [0, 1, 1, 0, 1, 0, 0, 1], [0, 1, 1, 0, 1, 0, 1, 1], [0, 1, 1, 1, 0, 0, 1, 0], [0, 1, 1, 1, 0, 0, 1, 1], [0, 1, 1, 1, 0, 1, 1, 0], [0, 1, 1, 1, 1, 0, 1, 1], [0, 1, 1, 1, 1, 1, 1, 0], [0, 1, 1, 1, 1, 1, 1, 1], [1, 0, 0, 0, 0, 0, 1, 1], [1, 0, 0, 0, 0, 1, 1, 0], [1, 0, 0, 0, 1, 0, 1, 0], [1, 0, 0, 0, 1, 0, 1, 1], [1, 0, 0, 0, 1, 1, 1, 0], [1, 0, 0, 0, 1, 1, 1, 1], [1, 0, 0, 1, 0, 0, 0, 1], [1, 0, 0, 1, 0, 0, 1, 1], [1, 0, 0, 1, 0, 1, 0, 1], [1, 0, 0, 1, 0, 1, 1, 0], [1, 0, 0, 1, 0, 1, 1, 1], [1, 0, 0, 1, 1, 0, 1, 0], [1, 0, 0, 1, 1, 1, 0, 1], [1, 0, 1, 0, 0, 0, 1, 1], [1, 0, 1, 0, 0, 1, 0, 0], [1, 0, 1, 0, 0, 1, 0, 1], [1, 0, 1, 0, 0, 1, 1, 0], [1, 0, 1, 0, 0, 1, 1, 1], [1, 0, 1, 0, 1, 0, 1, 0], [1, 0, 1, 0, 1, 1, 0, 1], [1, 0, 1, 1, 0, 0, 0, 1], [1, 0, 1, 1, 0, 1, 0, 0], [1, 0, 1, 1, 1, 0, 0, 1], [1, 0, 1, 1, 1, 0, 1, 0], [1, 0, 1, 1, 1, 1, 0, 0], [1, 0, 1, 1, 1, 1, 1, 1], [1, 1, 0, 0, 0, 0, 1, 0], [1, 1, 0, 0, 0, 1, 0, 1], [1, 1, 0, 0, 1, 1, 0, 1], [1, 1, 0, 0, 1, 1, 1, 1], [1, 1, 0, 1, 0, 0, 1, 0], [1, 1, 0, 1, 0, 1, 0, 0], [1, 1, 0, 1, 0, 1, 1, 0], [1, 1, 0, 1, 0, 1, 1, 1], [1, 1, 0, 1, 1, 0, 0, 0], [1, 1, 0, 1, 1, 0, 1, 1], [1, 1, 0, 1, 1, 1, 0, 0], [1, 1, 1, 0, 0, 0, 0, 1], [1, 1, 1, 0, 0, 0, 1, 0], [1, 1, 1, 0, 0, 0, 1, 1], [1, 1, 1, 0, 0, 1, 1, 1], [1, 1, 1, 0, 1, 0, 0, 0], [1, 1, 1, 0, 1, 0, 0, 1], [1, 1, 1, 0, 1, 1, 1, 0], [1, 1, 1, 1, 0, 0, 0, 1], [1, 1, 1, 1, 0, 1, 0, 0], [1, 1, 1, 1, 1, 0, 0, 1], [1, 1, 1, 1, 1, 1, 0, 0]])            # difference pairs
f = open("init_outer.txt", 'w+')
for v in a.inequality_generator():
       for k in v.A():
            f.write(str(k)+' ')
       f.write(str(v.b())+'\n')
f.close()

/* Inequalities for differential characteristics of S-box in inner-MILP */
a=Polyhedron(vertices=[[0, 0, 0, 0, 0, 0, 0, 0, 0, 0], [0, 0, 0, 1, 0, 1, 0, 1, 1, 0], [0, 0, 0, 1, 0, 1, 1, 1, 1, 0], [0, 0, 0, 1, 1, 0, 0, 1, 0, 1], [0, 0, 0, 1, 1, 0, 1, 0, 1, 0], [0, 0, 0, 1, 1, 0, 1, 1, 1, 0], [0, 0, 0, 1, 1, 1, 0, 1, 1, 0], [0, 0, 0, 1, 1, 1, 1, 0, 1, 0], [0, 0, 1, 0, 0, 1, 0, 1, 1, 0], [0, 0, 1, 0, 0, 1, 1, 1, 1, 0], [0, 0, 1, 0, 1, 0, 1, 0, 1, 0], [0, 0, 1, 0, 1, 0, 1, 1, 1, 0], [0, 0, 1, 0, 1, 1, 0, 0, 0, 1], [0, 0, 1, 0, 1, 1, 0, 1, 1, 0], [0, 0, 1, 0, 1, 1, 1, 0, 1, 0], [0, 0, 1, 1, 0, 0, 0, 1, 1, 0], [0, 0, 1, 1, 0, 0, 1, 1, 1, 0], [0, 0, 1, 1, 0, 1, 0, 0, 1, 0], [0, 0, 1, 1, 0, 1, 1, 0, 1, 0], [0, 0, 1, 1, 1, 0, 0, 1, 1, 0], [0, 0, 1, 1, 1, 0, 1, 1, 1, 0], [0, 0, 1, 1, 1, 1, 0, 0, 1, 0], [0, 0, 1, 1, 1, 1, 1, 0, 1, 0], [0, 1, 0, 0, 0, 0, 1, 1, 1, 0], [0, 1, 0, 0, 0, 1, 0, 1, 0, 1], [0, 1, 0, 0, 0, 1, 1, 0, 1, 0], [0, 1, 0, 0, 1, 0, 1, 1, 1, 0], [0, 1, 0, 0, 1, 1, 0, 1, 0, 1], [0, 1, 0, 0, 1, 1, 1, 0, 1, 0], [0, 1, 0, 1, 0, 0, 1, 0, 1, 0], [0, 1, 0, 1, 0, 0, 1, 1, 1, 0], [0, 1, 0, 1, 0, 1, 0, 0, 1, 0], [0, 1, 0, 1, 0, 1, 1, 1, 1, 0], [0, 1, 0, 1, 1, 0, 0, 0, 0, 1], [0, 1, 0, 1, 1, 1, 0, 0, 1, 0], [0, 1, 0, 1, 1, 1, 1, 0, 1, 0], [0, 1, 1, 0, 0, 0, 0, 1, 1, 0], [0, 1, 1, 0, 0, 0, 1, 0, 1, 0], [0, 1, 1, 0, 0, 1, 1, 0, 1, 0], [0, 1, 1, 0, 0, 1, 1, 1, 1, 0], [0, 1, 1, 0, 1, 0, 0, 0, 0, 1], [0, 1, 1, 0, 1, 0, 0, 1, 1, 0], [0, 1, 1, 0, 1, 0, 1, 1, 1, 0], [0, 1, 1, 1, 0, 0, 1, 0, 0, 1], [0, 1, 1, 1, 0, 0, 1, 1, 1, 0], [0, 1, 1, 1, 0, 1, 1, 0, 1, 0], [0, 1, 1, 1, 1, 0, 1, 1, 1, 0], [0, 1, 1, 1, 1, 1, 1, 0, 1, 0], [0, 1, 1, 1, 1, 1, 1, 1, 0, 1], [1, 0, 0, 0, 0, 0, 1, 1, 1, 0], [1, 0, 0, 0, 0, 1, 1, 0, 1, 0], [1, 0, 0, 0, 1, 0, 1, 0, 0, 1], [1, 0, 0, 0, 1, 0, 1, 1, 1, 0], [1, 0, 0, 0, 1, 1, 1, 0, 1, 0], [1, 0, 0, 0, 1, 1, 1, 1, 0, 1], [1, 0, 0, 1, 0, 0, 0, 1, 0, 1], [1, 0, 0, 1, 0, 0, 1, 1, 1, 0], [1, 0, 0, 1, 0, 1, 0, 1, 1, 0], [1, 0, 0, 1, 0, 1, 1, 0, 1, 0], [1, 0, 0, 1, 0, 1, 1, 1, 1, 0], [1, 0, 0, 1, 1, 0, 1, 0, 1, 0], [1, 0, 0, 1, 1, 1, 0, 1, 1, 0], [1, 0, 1, 0, 0, 0, 1, 1, 1, 0], [1, 0, 1, 0, 0, 1, 0, 0, 0, 1], [1, 0, 1, 0, 0, 1, 0, 1, 1, 0], [1, 0, 1, 0, 0, 1, 1, 0, 1, 0], [1, 0, 1, 0, 0, 1, 1, 1, 1, 0], [1, 0, 1, 0, 1, 0, 1, 0, 1, 0], [1, 0, 1, 0, 1, 1, 0, 1, 1, 0], [1, 0, 1, 1, 0, 0, 0, 1, 1, 0], [1, 0, 1, 1, 0, 1, 0, 0, 1, 0], [1, 0, 1, 1, 1, 0, 0, 1, 1, 0], [1, 0, 1, 1, 1, 0, 1, 0, 0, 1], [1, 0, 1, 1, 1, 1, 0, 0, 1, 0], [1, 0, 1, 1, 1, 1, 1, 1, 0, 1], [1, 1, 0, 0, 0, 0, 1, 0, 0, 1], [1, 1, 0, 0, 0, 1, 0, 1, 0, 1], [1, 1, 0, 0, 1, 1, 0, 1, 0, 1], [1, 1, 0, 0, 1, 1, 1, 1, 0, 1], [1, 1, 0, 1, 0, 0, 1, 0, 1, 0], [1, 1, 0, 1, 0, 1, 0, 0, 1, 0], [1, 1, 0, 1, 0, 1, 1, 0, 1, 0], [1, 1, 0, 1, 0, 1, 1, 1, 1, 0], [1, 1, 0, 1, 1, 0, 0, 0, 0, 1], [1, 1, 0, 1, 1, 0, 1, 1, 1, 0], [1, 1, 0, 1, 1, 1, 0, 0, 1, 0], [1, 1, 1, 0, 0, 0, 0, 1, 1, 0], [1, 1, 1, 0, 0, 0, 1, 0, 1, 0], [1, 1, 1, 0, 0, 0, 1, 1, 1, 0], [1, 1, 1, 0, 0, 1, 1, 1, 1, 0], [1, 1, 1, 0, 1, 0, 0, 0, 0, 1], [1, 1, 1, 0, 1, 0, 0, 1, 1, 0], [1, 1, 1, 0, 1, 1, 1, 0, 1, 0], [1, 1, 1, 1, 0, 0, 0, 1, 0, 1], [1, 1, 1, 1, 0, 1, 0, 0, 0, 1], [1, 1, 1, 1, 1, 0, 0, 1, 0, 1], [1, 1, 1, 1, 1, 1, 0, 0, 0, 1]])            # difference pairs with probability
f = open("init_inner.txt", 'w+')
for v in a.inequality_generator():
       for k in v.A():
            f.write(str(k)+' ')
       f.write(str(v.b())+'\n')
f.close()


