3 2 -6 -6 -3 3 -1 3 -3 3 13 
1 -4 -3 -3 -4 -3 3 -2 3 -3 16 
-3 1 3 3 3 -6 -2 -6 -3 3 14 
-6 2 -6 6 -6 6 3 -6 -1 3 19 
-3 -3 4 4 2 6 -1 6 -3 3 4 
-6 -3 6 -6 -6 -6 -2 6 -3 1 26 
0 0 0 0 0 0 0 0 -1 -1 1 
0 0 -1 -1 0 -1 0 -1 -1 0 4 
1 -1 -2 -2 0 1 0 1 3 4 0 
-1 0 1 -1 -1 1 0 -1 3 2 0 
1 -1 2 2 2 -3 1 -3 3 4 0 
4 3 -1 -1 5 2 0 2 -4 -3 0 
-4 1 -1 -1 3 3 2 -2 8 3 0 
2 0 1 1 1 0 0 0 -2 -1 0 
-3 2 -4 3 -2 -5 -1 2 13 8 0 
-3 -4 2 -2 1 -3 -6 -1 18 13 0 
1 2 4 2 1 2 5 4 -3 -8 0 
2 1 3 -1 -3 0 1 0 4 1 0 
3 -1 -4 2 -2 1 -1 -1 9 5 0 
-2 -1 -1 2 -1 -1 0 2 5 3 0 
-4 -1 -6 1 -4 -5 -2 2 21 14 0 
